10 0.180520 0.262033 0.091219 0.020319
10 0.087170 0.263344 0.042626 0.020319
10 0.115516 0.132584 0.194800 0.043259
2 0.489130 0.459448 0.069800 0.230223
3 0.281330 0.249298 0.067668 0.152389
3 0.314365 0.163272 0.064471 0.160582
0 0.493393 0.121897 0.032502 0.074556
0 0.382033 0.242334 0.033568 0.072917
0 0.385497 0.117801 0.031969 0.063086
0 0.568521 0.291492 0.034633 0.074556
0 0.642050 0.120259 0.030371 0.071279
0 0.623668 0.842060 0.038363 0.084388
0 0.410806 0.840421 0.043159 0.079472
0 0.303442 0.837963 0.151321 0.068002
0 0.243500 0.803962 0.025043 0.114702
0 0.454231 0.649935 0.021846 0.113063
0 0.394288 0.620030 0.143862 0.063086
0 0.634857 0.572511 0.058078 0.066363
0 0.607417 0.248069 0.090580 0.068002
0 0.923647 0.291082 0.091113 0.101593
0 0.941230 0.227996 0.057012 0.221210
0 0.896473 0.160404 0.119885 0.086026
0 0.897272 0.558993 0.037298 0.052435
0 0.532555 0.472147 0.032502 0.075375
0 0.883632 0.929639 0.046036 0.033427
7 0.626066 0.318119 0.069800 0.052435
7 0.627664 0.365638 0.141198 0.049158
7 0.630062 0.429134 0.223785 0.077833
7 0.628463 0.491401 0.148124 0.045061
7 0.790537 0.916131 0.131458 0.062135
7 0.443223 0.185843 0.068031 0.116406
7 0.425575 0.205899 0.106394 0.076293
7 0.192839 0.119381 0.139130 0.060562
1 0.087770 0.896072 0.098814 0.100103
1 0.079051 0.765580 0.046501 0.171606
1 0.105789 0.679778 0.093002 0.071502
1 0.129621 0.620788 0.133690 0.082228
1 0.154615 0.546605 0.172053 0.134067
1 0.140665 0.455439 0.125552 0.051839
1 0.125552 0.408069 0.083701 0.053627
1 0.117415 0.337460 0.051151 0.094741
1 0.173216 0.189093 0.141827 0.041114
1 0.921414 0.702122 0.157172 0.134067
1 0.817833 0.139935 0.038363 0.114404
1 0.856777 0.100609 0.111602 0.025026
6 0.139353 0.447605 0.012788 0.016134
6 0.109843 0.390380 0.014755 0.017646
6 0.092465 0.654320 0.014099 0.018151
6 0.075251 0.774063 0.015083 0.017646
6 0.058856 0.874396 0.014427 0.019159
6 0.163453 0.107282 0.014099 0.016638
1 0.957161 0.558006 0.078005 0.155339
1 0.980818 0.207019 0.035806 0.247755