2 0.307487 0.454739 0.091839 0.231489
9 0.231923 0.334973 0.039526 0.059883
0 0.382760 0.201353 0.034294 0.073290
0 0.492618 0.202694 0.034294 0.072396
0 0.569926 0.380109 0.033132 0.071502
0 0.644908 0.201800 0.030807 0.070609
0 0.743141 0.098122 0.028482 0.031282
0 0.906185 0.660755 0.034876 0.050052
0 0.637933 0.677290 0.062195 0.067033
0 0.626308 0.933358 0.041269 0.030388
0 0.533306 0.570484 0.035457 0.073290
0 0.452220 0.755496 0.024413 0.116191
0 0.391188 0.729576 0.145315 0.069715
0 0.236864 0.904310 0.023832 0.084909
0 0.298186 0.936486 0.155778 0.027707
0 0.408335 0.934252 0.041269 0.033964
0 0.608545 0.334022 0.091771 0.064773
0 0.933504 0.377975 0.087257 0.092532
0 0.948924 0.312046 0.053408 0.229018
0 0.905296 0.247273 0.122612 0.090219
0 0.235294 0.246067 0.097826 0.063905
10 0.086317 0.263303 0.061682 0.019085
10 0.180533 0.264748 0.066571 0.016193
10 0.115278 0.132601 0.192192 0.043375
1 0.924244 0.812144 0.149925 0.137642
1 0.976938 0.659246 0.039245 0.160017
1 0.941221 0.715862 0.115971 0.053565
1 0.962166 0.658229 0.073199 0.057633
1 0.980485 0.295616 0.038363 0.257331
1 0.899867 0.181485 0.191816 0.035907
1 0.825642 0.227223 0.042255 0.117124
1 0.212943 0.646561 0.040031 0.140207
1 0.169576 0.651690 0.047815 0.242797
1 0.141777 0.630317 0.034471 0.285543
6 0.056233 0.921033 0.081645 0.054452
6 0.084432 0.860027 0.061315 0.070586
6 0.109843 0.748602 0.026887 0.047393
6 0.086399 0.795491 0.056069 0.058485
6 0.073939 0.740031 0.051479 0.074619
6 0.082628 0.645749 0.073447 0.103862
6 0.095252 0.563315 0.055413 0.059998
6 0.086235 0.509367 0.045905 0.046889
6 0.096072 0.474327 0.022952 0.028234
6 0.132140 0.471806 0.015083 0.024201
6 0.103613 0.424160 0.062955 0.071090
6 0.101646 0.368448 0.013771 0.017142
6 0.127713 0.363911 0.010165 0.014117
6 0.131648 0.323324 0.032461 0.036805
6 0.123123 0.276687 0.042298 0.045376
6 0.141649 0.233831 0.028199 0.034284
6 0.143452 0.191732 0.012132 0.022688
6 0.125746 0.196018 0.020001 0.028234
6 0.117549 0.105013 0.063939 0.039830
6 0.156076 0.105013 0.017050 0.032772
6 0.130009 0.152658 0.058037 0.054452
7 0.629222 0.412816 0.070496 0.056468
7 0.629549 0.458193 0.151813 0.053443
7 0.629877 0.522980 0.225916 0.087224
7 0.631353 0.592053 0.146239 0.047897
7 0.633976 0.637430 0.070169 0.039830
7 0.190176 0.190976 0.138042 0.037814
7 0.173290 0.150641 0.032133 0.032772
7 0.389862 0.103248 0.031805 0.037814
7 0.440357 0.234840 0.069185 0.054956
7 0.423306 0.295594 0.105909 0.080669
0 0.379533 0.331643 0.032789 0.070081