2 0.261509 0.460674 0.083120 0.204497
8 0.380435 0.313200 0.052430 0.086518
8 0.955243 0.820509 0.061381 0.102248
0 0.331202 0.696631 0.122762 0.121911
0 0.327366 0.221767 0.125320 0.080619
0 0.552430 0.474681 0.056266 0.043745
0 0.537666 0.526942 0.038363 0.071502
0 0.619042 0.787925 0.110439 0.075077
0 0.969542 0.719998 0.060451 0.050052
0 0.994652 0.805800 0.010695 0.214507
0 0.955127 0.888922 0.089746 0.041114
0 0.421995 0.209650 0.039526 0.073290
0 0.603348 0.206075 0.034876 0.076865
0 0.757963 0.290090 0.034876 0.076865
0 0.817252 0.121166 0.034876 0.075077
0 0.899791 0.248083 0.034876 0.078653
0 0.844571 0.426838 0.036038 0.078653
0 0.953848 0.383043 0.031388 0.069715
0 0.971286 0.525154 0.038363 0.078653
0 0.955010 0.099715 0.031388 0.032176
0 0.124971 0.924673 0.187166 0.048264
0 0.106371 0.872834 0.138340 0.055414
0 0.091839 0.818313 0.104627 0.057202
0 0.081376 0.761112 0.062776 0.046476
1 0.168798 0.104771 0.115090 0.043259
1 0.145780 0.161794 0.086957 0.062922
1 0.120205 0.247329 0.040921 0.108147
1 0.131074 0.324998 0.080563 0.055057
1 0.146419 0.400701 0.121483 0.096349
1 0.159847 0.490168 0.163683 0.086518
1 0.116368 0.574720 0.086957 0.074720
1 0.082481 0.667137 0.037084 0.106181
1 0.631074 0.372190 0.159847 0.047192
1 0.630435 0.424297 0.235294 0.060956
1 0.750639 0.465590 0.081841 0.049158
1 0.799233 0.592417 0.097187 0.204497
1 0.737852 0.667137 0.030691 0.051124
1 0.753197 0.731042 0.132992 0.068821
1 0.881074 0.905061 0.043478 0.090450
1 0.951407 0.928656 0.094629 0.035394
1 0.584399 0.930623 0.043478 0.035394
0 0.361421 0.384241 0.133935 0.055885
0 0.419303 0.334049 0.022210 0.063129
7 0.630435 0.505172 0.073146 0.054270
7 0.635550 0.554723 0.146803 0.055843
7 0.634271 0.621971 0.230179 0.084945
7 0.631969 0.688825 0.149872 0.044045
7 0.636061 0.739950 0.069054 0.058203
0 0.575192 0.726579 0.036317 0.055057
10 0.122762 0.132299 0.225064 0.043259