10 0.516353 0.361851 0.055413 0.039326
10 0.500853 0.389260 0.053863 0.035751
10 0.740332 0.350530 0.060839 0.036943
10 0.724638 0.374066 0.060451 0.038730
10 0.181083 0.263895 0.066222 0.021770
10 0.086545 0.264598 0.061655 0.020365
10 0.114633 0.131169 0.191816 0.044242
0 0.401467 0.405974 0.034325 0.074513
0 0.317337 0.647106 0.037017 0.072443
0 0.205950 0.485144 0.033652 0.048640
0 0.130569 0.921355 0.034998 0.053815
0 0.139992 0.872198 0.045767 0.063129
0 0.276282 0.227454 0.081438 0.096246
0 0.298156 0.176226 0.044421 0.182143
0 0.265514 0.116202 0.109705 0.060024
0 0.481222 0.112580 0.036344 0.056920
0 0.442523 0.323700 0.046440 0.290807
0 0.484251 0.226936 0.037017 0.097281
0 0.694912 0.433917 0.080092 0.055885
0 0.707027 0.322147 0.051824 0.277354
0 0.685489 0.224867 0.082784 0.089002
0 0.581168 0.590187 0.222776 0.049675
0 0.769619 0.805446 0.037017 0.078653
0 0.866200 0.918768 0.036344 0.061059
0 0.843317 0.599501 0.037690 0.076583
0 0.866537 0.448405 0.038363 0.074513
0 0.660250 0.113615 0.036344 0.058989
0 0.390699 0.806481 0.038363 0.074513
0 0.305896 0.914628 0.037017 0.065199
0 0.989299 0.540512 0.021402 0.078653
0 0.871341 0.227528 0.081699 0.091761
0 0.846831 0.178370 0.049730 0.190077
0 0.879156 0.115011 0.110117 0.069913
1 0.191816 0.111008 0.032461 0.052183
1 0.338383 0.174535 0.034428 0.183775
1 0.303954 0.508808 0.075743 0.200413
1 0.214194 0.624897 0.163781 0.131592
1 0.263132 0.536791 0.166240 0.056721
1 0.287232 0.481204 0.125910 0.049914
1 0.582087 0.654013 0.250344 0.082434
1 0.697423 0.503136 0.082628 0.075627
1 0.444127 0.499733 0.048200 0.071846
1 0.461834 0.161679 0.073775 0.032520
1 0.683160 0.162813 0.073775 0.034789
1 0.804889 0.171888 0.045741 0.175456
1 0.951210 0.114033 0.035412 0.058233
1 0.990311 0.326925 0.019182 0.193606
2 0.500520 0.464715 0.071531 0.224283
4 0.612745 0.499926 0.082765 0.025125
7 0.685619 0.840649 0.120008 0.071090
7 0.731851 0.900394 0.210506 0.084703
7 0.479048 0.834599 0.120008 0.065040
7 0.435766 0.903420 0.214440 0.084703
8 0.557622 0.357978 0.062776 0.126917
8 0.593854 0.312395 0.063164 0.123937
9 0.746919 0.433353 0.025963 0.057202
0 0.753894 0.398496 0.029838 0.050647