0 0.695013 0.273874 0.080563 0.090450
0 0.711637 0.214885 0.044757 0.220227
0 0.674552 0.149996 0.113811 0.086518
0 0.883632 0.278790 0.084399 0.088484
0 0.877238 0.378089 0.048593 0.291014
0 0.923274 0.491152 0.048593 0.060956
0 0.840153 0.458707 0.033248 0.066855
0 0.889083 0.155011 0.039036 0.070373
0 0.779715 0.707131 0.035671 0.072443
0 0.652174 0.544134 0.033652 0.050710
0 0.871921 0.875302 0.039709 0.081757
0 0.962781 0.651246 0.070669 0.047605
0 0.390699 0.556035 0.061246 0.066234
0 0.207969 0.632618 0.025575 0.109700
0 0.149078 0.607780 0.146049 0.064164
0 0.155135 0.827179 0.045094 0.080722
0 0.061920 0.819935 0.123839 0.057954
0 0.365460 0.821487 0.037690 0.071408
0 0.619195 0.923425 0.043074 0.045536
0 0.380267 0.231593 0.092879 0.069338
0 0.338538 0.278681 0.030960 0.068304
0 0.422331 0.113097 0.030287 0.057954
0 0.274936 0.114132 0.030287 0.057954
0 0.165904 0.107405 0.032979 0.044501
0 0.294763 0.456166 0.034942 0.065197
0 0.157154 0.231076 0.034325 0.070373
0 0.049552 0.157653 0.038363 0.049158
1 0.673487 0.687035 0.168372 0.134365
1 0.716113 0.618214 0.168372 0.095038
1 0.730499 0.542838 0.122549 0.049158
1 0.747016 0.491223 0.083120 0.054074
1 0.756607 0.199553 0.040494 0.234319
1 0.598359 0.134828 0.037298 0.104870
1 0.019714 0.192179 0.039428 0.072098
1 0.961424 0.711614 0.077152 0.072098
1 0.912191 0.564140 0.083120 0.068821
1 0.879689 0.213481 0.077792 0.039326
2 0.497123 0.465005 0.073529 0.231042
3 0.080456 0.261000 0.073529 0.160582
7 0.400149 0.309339 0.067136 0.050796
7 0.399616 0.353581 0.142796 0.047519
7 0.394821 0.414209 0.216326 0.086845
7 0.396952 0.479753 0.145993 0.037688
7 0.391624 0.511705 0.082055 0.029495
7 0.531756 0.909884 0.125746 0.078653
7 0.226449 0.170878 0.058610 0.121256
7 0.204604 0.191360 0.108696 0.073737
7 0.024510 0.115165 0.049020 0.045881
7 0.947890 0.910703 0.096974 0.070460
8 0.976343 0.413389 0.047314 0.140919
10 0.115581 0.132940 0.192800 0.041595