2 0.307673 0.483149 0.083376 0.198204
10 0.393862 0.390732 0.049105 0.077866
10 0.365729 0.437137 0.042967 0.027528
10 0.122646 0.133679 0.212741 0.050052
0 0.389444 0.097034 0.034876 0.026813
0 0.607998 0.156023 0.037201 0.069715
0 0.714369 0.200712 0.038363 0.066140
0 0.860846 0.612744 0.036038 0.080440
0 0.771914 0.464377 0.037201 0.084015
0 0.609161 0.370530 0.034876 0.075077
0 0.915485 0.414325 0.036038 0.076865
0 0.831783 0.283834 0.036038 0.073290
0 0.539409 0.719104 0.041851 0.071502
0 0.581841 0.929142 0.038363 0.044689
0 0.354569 0.563586 0.144153 0.060777
0 0.419089 0.507278 0.026738 0.087590
0 0.420251 0.379468 0.040688 0.071502
0 0.322599 0.367849 0.131365 0.044689
0 0.265636 0.398237 0.024413 0.098316
0 0.126715 0.140829 0.034876 0.116191
0 0.201116 0.103290 0.127877 0.037539
0 0.554522 0.664583 0.062776 0.058989
1 0.633574 0.551967 0.158103 0.055414
1 0.637642 0.611851 0.245292 0.071502
1 0.762613 0.655646 0.081376 0.058989
1 0.810858 0.803119 0.101139 0.243108
1 0.774820 0.900541 0.091839 0.094741
1 0.709137 0.925567 0.041851 0.051839
1 0.326668 0.881772 0.132527 0.085803
1 0.302255 0.115803 0.072076 0.062565
1 0.222623 0.156023 0.147640 0.067927
1 0.180772 0.211438 0.154615 0.046476
1 0.161590 0.252551 0.118577 0.046476
1 0.137759 0.322266 0.080214 0.085803
1 0.107533 0.420582 0.038363 0.103678
1 0.120321 0.500128 0.084864 0.044689
1 0.137177 0.553755 0.120902 0.058989
1 0.152290 0.645814 0.162753 0.139429
1 0.126133 0.730723 0.126715 0.066140
1 0.102883 0.787031 0.087189 0.053627
1 0.074983 0.875515 0.052313 0.144792
0 0.321437 0.937186 0.119740 0.025026
7 0.548710 0.147086 0.067426 0.039326
7 0.532434 0.185518 0.102302 0.041114
7 0.516740 0.220375 0.138340 0.039326
7 0.755638 0.310647 0.104627 0.119766
7 0.638224 0.699441 0.069751 0.060777
7 0.644618 0.750386 0.159265 0.051839
7 0.642292 0.821889 0.224366 0.087590
7 0.644618 0.939867 0.066264 0.023238
7 0.641130 0.894285 0.142990 0.053627
9 0.378877 0.451891 0.032461 0.048402
7 0.954429 0.150661 0.027900 0.128704
0 0.964892 0.245401 0.013950 0.060777
1 0.792839 0.193562 0.116252 0.060777
1 0.833527 0.242720 0.039526 0.044689