2 0.504476 0.471488 0.088235 0.241857
10 0.123402 0.132299 0.210997 0.051124
0 0.634271 0.166710 0.043478 0.072754
0 0.338235 0.340729 0.044757 0.078653
0 0.243606 0.335813 0.134271 0.045225
0 0.183504 0.361375 0.029412 0.084551
0 0.748561 0.243538 0.034207 0.068538
0 0.685090 0.425512 0.034101 0.077196
0 0.833570 0.377447 0.035521 0.077196
0 0.769868 0.568616 0.036942 0.082294
0 0.885195 0.524920 0.035048 0.076468
0 0.898219 0.672030 0.036469 0.079381
0 0.918111 0.904710 0.026996 0.088848
0 0.896088 0.894514 0.070096 0.068457
0 0.532822 0.936390 0.114616 0.032772
0 0.485934 0.893786 0.039784 0.068457
0 0.450649 0.676035 0.036469 0.074283
0 0.271384 0.524192 0.139244 0.067729
0 0.331297 0.500524 0.022260 0.112153
0 0.231342 0.895819 0.110439 0.058989
0 0.984364 0.098122 0.021507 0.031282
0 0.891653 0.200459 0.033713 0.071502
0 0.977970 0.288497 0.034294 0.074184
0 0.525169 0.333632 0.034294 0.069715
0 0.528365 0.121807 0.033713 0.071502
0 0.467624 0.623664 0.057545 0.061671
7 0.549678 0.653819 0.073239 0.059585
7 0.551616 0.707446 0.156940 0.058394
7 0.548516 0.781331 0.231342 0.101295
7 0.550260 0.849854 0.151128 0.046476
7 0.551035 0.903183 0.072851 0.056606
7 0.673753 0.270190 0.103367 0.118798
7 0.436381 0.186622 0.132673 0.031953
7 0.457694 0.153850 0.100703 0.045061
7 0.472879 0.110837 0.061807 0.042603
0 0.072997 0.107560 0.079923 0.044242
0 0.049552 0.141970 0.045823 0.045881
1 0.235294 0.836944 0.135550 0.086518
1 0.187090 0.105397 0.148449 0.041036
1 0.147615 0.144723 0.148449 0.041036
1 0.105360 0.183622 0.164016 0.036762
1 0.082842 0.225513 0.125653 0.047021
1 0.058657 0.290487 0.085066 0.084637
1 0.029189 0.381963 0.048371 0.100025
1 0.040865 0.458478 0.081730 0.049585
1 0.058101 0.506781 0.116201 0.048730
1 0.075892 0.598258 0.151784 0.132512
1 0.053653 0.690589 0.107306 0.050440
1 0.030301 0.742739 0.060602 0.058989
1 0.451184 0.567053 0.035027 0.066684
1 0.569888 0.550382 0.044479 0.135932
1 0.609919 0.552092 0.037807 0.129093
1 0.652452 0.595693 0.043923 0.125673
1 0.691371 0.619631 0.039475 0.077798
1 0.721394 0.758982 0.095074 0.250491
1 0.657456 0.828658 0.039475 0.056425
1 0.660792 0.896624 0.129545 0.082927
1 0.960678 0.898093 0.057545 0.099545
1 0.784847 0.153352 0.000000 0.001229
1 0.714114 0.165641 0.107896 0.074966