2 0.503836 0.464606 0.079284 0.232025
0 0.632383 0.432386 0.035927 0.076780
0 0.627512 0.298021 0.034710 0.073971
0 0.514554 0.336879 0.036536 0.071162
0 0.441785 0.207664 0.034710 0.069289
0 0.585800 0.165061 0.032883 0.073971
0 0.727987 0.101858 0.031056 0.039326
0 0.294118 0.125734 0.032883 0.074907
0 0.207648 0.436131 0.035318 0.073971
0 0.229875 0.627144 0.038363 0.064607
0 0.307514 0.846248 0.038972 0.077716
0 0.172025 0.879488 0.023749 0.129215
0 0.269151 0.681452 0.103520 0.064607
0 0.020704 0.629485 0.041408 0.056180
0 0.056327 0.303171 0.112654 0.045881
0 0.045670 0.127607 0.091340 0.059926
0 0.118134 0.130884 0.040190 0.070225
0 0.599501 0.788663 0.102911 0.052435
0 0.637255 0.683325 0.023749 0.163859
0 0.616246 0.631358 0.056022 0.065544
0 0.844903 0.741846 0.039581 0.076780
0 0.821763 0.654298 0.084643 0.139515
0 0.805322 0.407573 0.082207 0.134833
0 0.900682 0.250268 0.198636 0.058053
0 0.226221 0.387441 0.057849 0.062735
10 0.122123 0.133283 0.210997 0.049158
10 0.189685 0.266479 0.046888 0.019663
10 0.095055 0.264512 0.094629 0.023596
8 0.945865 0.508335 0.058824 0.094383
8 0.901535 0.467043 0.055413 0.108803
3 0.898124 0.620415 0.062234 0.173036
1 0.029838 0.577812 0.059676 0.079963
1 0.306479 0.283520 0.154305 0.049813
1 0.303495 0.337921 0.230179 0.069476
1 0.423274 0.387079 0.075874 0.076031
1 0.475277 0.524066 0.034953 0.197942
1 0.438193 0.514890 0.037511 0.323786
1 0.396846 0.609273 0.041773 0.127155
1 0.354909 0.630902 0.039740 0.081274
1 0.222080 0.874725 0.043478 0.149440
1 0.521313 0.822290 0.052003 0.144196
1 0.604433 0.855062 0.213129 0.076031
1 0.684996 0.740360 0.045183 0.294947
1 0.832481 0.515545 0.121910 0.149440
1 0.921995 0.394944 0.150895 0.097005
1 0.934356 0.645977 0.129582 0.166481
1 0.987212 0.505058 0.022165 0.159927
1 0.940324 0.933714 0.117647 0.034083
1 0.892583 0.202246 0.214834 0.062922
7 0.305184 0.419190 0.070332 0.049914
7 0.304692 0.466457 0.145091 0.053695
7 0.301249 0.526959 0.225753 0.083946
7 0.299036 0.595780 0.152469 0.056721
7 0.294364 0.644938 0.070332 0.040083
7 0.442160 0.105714 0.102302 0.044620
7 0.795396 0.105476 0.103581 0.045225
7 0.960358 0.106459 0.079284 0.041293
7 0.898977 0.118749 0.000000 0.000983