2 0.498082 0.464606 0.070332 0.184833
7 0.541560 0.794947 0.118926 0.153372
7 0.904092 0.262076 0.099744 0.106181
7 0.851662 0.307301 0.135550 0.102248
7 0.808824 0.508848 0.121483 0.344105
7 0.861893 0.716294 0.109974 0.173036
7 0.932225 0.767419 0.066496 0.192699
7 0.948210 0.791998 0.095908 0.135676
7 0.293478 0.350560 0.136829 0.039326
7 0.326087 0.434129 0.063939 0.041293
7 0.310102 0.391853 0.098465 0.039326
7 0.323529 0.590450 0.069054 0.051124
7 0.301151 0.640591 0.103581 0.053090
7 0.279412 0.684833 0.154731 0.043259
7 0.535806 0.252245 0.102302 0.106181
0 0.159094 0.886903 0.047390 0.077496
0 0.063186 0.884012 0.126372 0.060146
0 0.024823 0.468194 0.049646 0.100629
0 0.009027 0.446218 0.016549 0.149208
0 0.144426 0.486701 0.039115 0.114509
0 0.388145 0.371035 0.033098 0.072869
0 0.377614 0.609306 0.034602 0.072869
0 0.498345 0.667139 0.041372 0.075183
0 0.626598 0.773551 0.037611 0.072869
0 0.787197 0.715140 0.033850 0.071713
0 0.761246 0.279081 0.030089 0.076339
0 0.827065 0.192332 0.033850 0.074026
0 0.391530 0.152427 0.033850 0.068243
0 0.374605 0.879963 0.036107 0.079809
0 0.210245 0.161681 0.038363 0.063616
0 0.118851 0.158211 0.124868 0.049736
0 0.066947 0.131029 0.022567 0.087906
0 0.558523 0.316672 0.131638 0.040483
0 0.611554 0.294696 0.021062 0.084436
0 0.610426 0.238020 0.039868 0.065929
0 0.892132 0.484966 0.033098 0.205885
0 0.716113 0.920446 0.037611 0.052049
0 0.880849 0.826757 0.037611 0.072869
1 0.021739 0.589467 0.043478 0.131743
1 0.070332 0.488202 0.040921 0.228092
1 0.014066 0.327948 0.028132 0.076686
1 0.038363 0.372190 0.040921 0.078653
1 0.557545 0.375139 0.163683 0.080619
1 0.584399 0.667137 0.120205 0.078653
1 0.704604 0.709412 0.000000 0.001966
1 0.622123 0.678934 0.047315 0.114046
1 0.936346 0.489703 0.052572 0.215202
10 0.121483 0.133074 0.207801 0.041784