2 0.494885 0.468539 0.074169 0.192699
3 0.315217 0.141148 0.062660 0.119945
8 0.615729 0.148030 0.054987 0.110114
8 0.361984 0.282994 0.061564 0.124421
7 0.702685 0.531461 0.113811 0.125844
7 0.448210 0.638625 0.154731 0.049158
7 0.470588 0.682867 0.112532 0.051124
7 0.488491 0.733991 0.076726 0.055057
7 0.487852 0.917842 0.072890 0.064888
7 0.570652 0.100069 0.176471 0.028512
7 0.559143 0.172331 0.052430 0.019663
7 0.562340 0.125139 0.129156 0.017697
4 0.534207 0.149226 0.102302 0.028512
7 0.982737 0.571770 0.034526 0.104215
7 0.966752 0.784132 0.066496 0.316576
0 0.561290 0.201242 0.053891 0.063203
0 0.465839 0.114865 0.029229 0.064607
0 0.804256 0.181579 0.031969 0.043540
0 0.925283 0.326244 0.034710 0.068821
0 0.974151 0.115567 0.030142 0.060394
0 0.947662 0.558690 0.033796 0.073034
0 0.552156 0.664028 0.035623 0.070225
0 0.295031 0.798159 0.042017 0.122192
0 0.353033 0.423155 0.039277 0.071630
0 0.200493 0.397874 0.021008 0.105338
0 0.258038 0.423857 0.130617 0.058989
0 0.729859 0.607377 0.140026 0.048175
0 0.788683 0.581815 0.023657 0.097333
0 0.782609 0.520860 0.038363 0.071770
0 0.549233 0.923462 0.039642 0.047192
0 0.027238 0.757379 0.051918 0.379639
0 0.058824 0.757309 0.038363 0.275284
0 0.108760 0.782646 0.093478 0.224609
0 0.167199 0.783854 0.044118 0.114046
0 0.395780 0.259832 0.017903 0.106181
0 0.340153 0.241152 0.129156 0.060956
0 0.548593 0.420086 0.031969 0.070787
1 0.120460 0.922817 0.131458 0.050338
1 0.191049 0.886637 0.087468 0.084945
1 0.216880 0.802872 0.049105 0.249329
1 0.200000 0.698657 0.084910 0.055057
1 0.141944 0.646353 0.123274 0.044832
1 0.106650 0.596409 0.123274 0.053484
1 0.071867 0.544105 0.122251 0.046405
1 0.058312 0.474891 0.084910 0.090450
1 0.048849 0.371069 0.054731 0.115619
1 0.076726 0.284158 0.080818 0.078653
1 0.104604 0.181517 0.121228 0.194272
1 0.182353 0.180730 0.040409 0.125058
1 0.827621 0.308147 0.156522 0.126631
1 0.896164 0.203539 0.089003 0.173822
1 0.817391 0.230674 0.073657 0.045618
1 0.837852 0.201966 0.032737 0.099889
1 0.733232 0.669995 0.170365 0.088801
10 0.122762 0.132299 0.214834 0.051124