2 0.390558 0.470099 0.068734 0.231861
0 0.617745 0.629812 0.035412 0.071846
0 0.626353 0.901693 0.037871 0.075627
0 0.812512 0.841191 0.147551 0.054452
0 0.873746 0.812453 0.026067 0.108903
0 0.865631 0.740607 0.043282 0.077140
0 0.881123 0.374570 0.034920 0.049914
0 0.937684 0.363982 0.000492 0.000000
0 0.909650 0.128403 0.086071 0.091509
0 0.602253 0.100420 0.085088 0.034032
0 0.565611 0.127646 0.031477 0.070334
0 0.387320 0.100042 0.030986 0.036301
0 0.530199 0.293270 0.034428 0.073359
0 0.455440 0.456247 0.020657 0.110416
0 0.398141 0.434315 0.138206 0.069577
0 0.414371 0.634728 0.042790 0.078653
0 0.312316 0.631703 0.140665 0.063527
0 0.254033 0.604477 0.023116 0.116466
0 0.123205 0.927784 0.179520 0.041595
0 0.085088 0.881274 0.090498 0.058989
0 0.068857 0.824931 0.048200 0.061258
0 0.629304 0.387426 0.056561 0.068065
10 0.123402 0.132299 0.213555 0.051124
7 0.781061 0.753701 0.121820 0.153165
7 0.515211 0.867023 0.163548 0.052780
7 0.537757 0.921355 0.125185 0.051745
7 0.510163 0.779056 0.000000 0.001035
7 0.622224 0.155528 0.063939 0.047605
7 0.622897 0.200029 0.140665 0.049675
7 0.623233 0.257983 0.209988 0.082792
7 0.627608 0.318525 0.142011 0.034152
3 0.347826 0.109687 0.058824 0.060956
8 0.682864 0.340729 0.063939 0.117979
1 0.911313 0.508677 0.161727 0.122605
1 0.930119 0.419036 0.137656 0.047423
1 0.966000 0.347324 0.068000 0.093689
1 0.817286 0.905988 0.175267 0.080966
1 0.697683 0.809407 0.000752 0.001157
1 0.195201 0.885168 0.125621 0.057833
1 0.157590 0.831384 0.124116 0.042796
1 0.114713 0.774708 0.133143 0.042796
1 0.104558 0.696634 0.093275 0.106412
1 0.095908 0.563618 0.050399 0.138799
1 0.232060 0.366409 0.042876 0.128389
1 0.189559 0.367565 0.042124 0.230174
1 0.129006 0.362360 0.068452 0.303044
1 0.133143 0.141439 0.043629 0.113352
1 0.968106 0.125246 0.030089 0.087906
1 0.916579 0.368144 0.032345 0.046266
1 0.255754 0.932591 0.084249 0.034700