8 0.497410 0.308955 0.063939 0.124029
10 0.512657 0.186186 0.051151 0.032772
10 0.495770 0.195514 0.054758 0.038318
10 0.548888 0.223244 0.000328 0.000000
10 0.115745 0.132239 0.194767 0.045376
10 0.086235 0.263830 0.066890 0.022184
10 0.180995 0.264335 0.013771 0.023192
0 0.603803 0.809850 0.145113 0.051295
0 0.665518 0.782493 0.022796 0.109430
0 0.662460 0.708115 0.042255 0.071813
0 0.829534 0.755135 0.036139 0.075233
0 0.901813 0.649553 0.039475 0.077798
0 0.813966 0.499942 0.033915 0.074378
0 0.691371 0.347339 0.033359 0.046166
0 0.871233 0.275098 0.033359 0.072668
0 0.976315 0.449074 0.045591 0.051295
0 0.929890 0.300746 0.088402 0.058989
0 0.903202 0.206277 0.068387 0.244507
0 0.909596 0.117793 0.081174 0.070958
0 0.731958 0.118221 0.077282 0.070103
0 0.266040 0.434113 0.022796 0.108575
0 0.208495 0.410603 0.138997 0.066684
0 0.216835 0.608517 0.043367 0.079507
0 0.115923 0.605524 0.144001 0.059844
0 0.060047 0.577740 0.027799 0.122253
0 0.418381 0.603387 0.036139 0.070958
0 0.347770 0.270824 0.031691 0.072668
0 0.389192 0.111809 0.033359 0.057280
0 0.415601 0.872259 0.039475 0.073523
0 0.972145 0.923554 0.025019 0.053005
1 0.033081 0.343919 0.066162 0.116269
1 0.045869 0.911158 0.091738 0.067539
1 0.008340 0.770951 0.000000 0.000855
1 0.025575 0.853878 0.051150 0.047021
1 0.182642 0.816689 0.000556 0.000000
1 0.607695 0.873969 0.179028 0.085492
1 0.711275 0.475563 0.164239 0.119661
1 0.785889 0.367002 0.090626 0.184662
1 0.724730 0.367857 0.031691 0.095751
1 0.688869 0.394787 0.044479 0.045311
1 0.936284 0.369994 0.084510 0.077798
1 0.973980 0.511056 0.052040 0.070958
1 0.790281 0.112636 0.038363 0.062922
2 0.494932 0.466659 0.074358 0.226490
7 0.309463 0.839189 0.161125 0.057023
7 0.331149 0.887531 0.116155 0.047519
7 0.350330 0.927676 0.077792 0.032772
7 0.579177 0.726539 0.114557 0.145016
7 0.445173 0.135006 0.063406 0.040146
7 0.447038 0.175561 0.140665 0.042603
7 0.444373 0.231274 0.214194 0.070460
7 0.419064 0.289853 0.092178 0.040146
7 0.437980 0.323854 0.057545 0.027856
0 0.438779 0.364819 0.050618 0.055712