0 0.220588 0.438061 0.088235 0.092417
0 0.244246 0.364324 0.051151 0.228092
0 0.211637 0.300419 0.121483 0.100282
0 0.413683 0.665170 0.090793 0.074720
0 0.393862 0.544242 0.048593 0.304779
0 0.416880 0.440027 0.089514 0.096349
0 0.659847 0.668120 0.092072 0.057023
0 0.673913 0.543259 0.053708 0.306745
0 0.650895 0.436095 0.089514 0.096349
0 0.847826 0.435112 0.081841 0.098316
0 0.818414 0.370223 0.051151 0.235958
0 0.856138 0.301402 0.111253 0.098316
0 0.329923 0.170643 0.092072 0.057023
0 0.730818 0.170643 0.090793 0.060956
0 0.840153 0.681884 0.038363 0.072754
0 0.721228 0.635676 0.038363 0.070787
0 0.976982 0.793964 0.040921 0.076686
0 0.813939 0.861802 0.039642 0.055057
0 0.258951 0.899162 0.042199 0.070787
0 0.145141 0.726126 0.039642 0.055057
0 0.349105 0.632726 0.038363 0.072754
1 0.288363 0.348594 0.037084 0.259553
1 0.215473 0.233565 0.185422 0.033427
1 0.134910 0.275840 0.031969 0.114046
1 0.248721 0.753654 0.080563 0.216294
1 0.147698 0.863768 0.172634 0.149440
1 0.161125 0.776267 0.097187 0.041293
1 0.410486 0.748739 0.089514 0.084551
1 0.202046 0.820509 0.063939 0.232025
1 0.659207 0.742840 0.095908 0.080619
1 0.535806 0.901128 0.268542 0.082585
1 0.982097 0.559973 0.035806 0.226126
1 0.931586 0.281739 0.031969 0.121911
1 0.849744 0.234548 0.193095 0.031461
1 0.776215 0.351543 0.043478 0.257587
1 0.530691 0.187356 0.153453 0.051124
1 0.418159 0.371206 0.079284 0.041293
1 0.648338 0.368257 0.086957 0.039326
2 0.506152 0.465954 0.073961 0.222672
3 0.986211 0.369994 0.027577 0.167564
4 0.890693 0.531574 0.028911 0.039326
4 0.878461 0.613219 0.027799 0.033342
4 0.803959 0.609799 0.025575 0.033342
4 0.729734 0.679902 0.026131 0.031632
4 0.726398 0.577312 0.027243 0.028212
6 0.955791 0.102126 0.047497 0.035394
6 0.951224 0.134430 0.031787 0.044944
6 0.918341 0.125441 0.046401 0.075282
6 0.880161 0.123756 0.051882 0.062922
6 0.840519 0.114767 0.026672 0.043821
6 0.814761 0.108868 0.037998 0.045506
6 0.801790 0.126284 0.025941 0.034270
6 0.771282 0.119542 0.037267 0.043259
6 0.721410 0.118700 0.062477 0.068540
6 0.659847 0.125160 0.016807 0.023034
6 0.620935 0.126565 0.032517 0.039326
6 0.584947 0.129655 0.018268 0.025281
6 0.528498 0.097632 0.024479 0.026405
6 0.538546 0.123194 0.068688 0.069664
6 0.500183 0.093138 0.015345 0.018540
6 0.481366 0.115610 0.044209 0.051124
6 0.416880 0.124599 0.046767 0.055619
6 0.373767 0.122913 0.022653 0.027528
6 0.336500 0.103250 0.025575 0.030899
6 0.296127 0.124879 0.023749 0.029214
6 0.257947 0.118980 0.060650 0.065731
6 0.216843 0.099036 0.024479 0.025843
6 0.223054 0.140891 0.027402 0.042135
6 0.167519 0.106621 0.046401 0.042135
6 0.201681 0.121228 0.033613 0.060113
6 0.112532 0.111958 0.031421 0.019101
6 0.053526 0.131902 0.047132 0.056742
6 0.011874 0.122632 0.023748 0.032585
6 0.005663 0.099036 0.004750 0.007865
6 0.025210 0.098756 0.007307 0.009551
7 0.012148 0.578653 0.024296 0.094383
8 0.514706 0.580804 0.068828 0.136485
8 0.554009 0.531936 0.066947 0.137064
10 0.552495 0.441555 0.032133 0.021680
10 0.513476 0.490965 0.030166 0.021680
10 0.115090 0.132239 0.192144 0.042351