2 769.00845 648.157484 1039.01511 1090.7644520000001
9 623.7504 583.220228 739.9568399999999 697.716524
0 1074.90222 314.92169600000005 1175.72658 455.052176
0 1397.88474 318.340352 1498.7091 456.76150400000006
0 1626.8784000000003 658.412496 1724.28648 795.1243199999999
0 1850.74323 318.339396 1941.31581 453.343804
0 2142.9660000000003 157.703672 2226.7030799999998 217.514856
0 2612.91618 1215.513848 2715.45162 1311.213272
0 1784.09637 1230.894932 1966.94967 1359.0620279999998
0 1780.6800899999998 1755.529568 1902.0109499999999 1813.6314240000002
0 1515.7978499999997 1020.700168 1620.04143 1160.830648
0 1293.63969 1333.429756 1365.41391 1555.586948
0 936.4796699999999 1328.301772 1363.7057699999998 1461.596852
0 661.3471199999999 1647.867716 731.4132 1810.2137239999997
0 647.6731800000001 1764.0733400000001 1105.6605 1817.0491240000001
0 1139.8394700000001 1753.8202399999998 1261.17033 1818.7594080000001
0 1654.21893 576.727076 1924.02567 700.573052
0 2616.23397 634.227608 2872.76955 811.148792
0 2711.3268000000003 377.690744 2868.3463199999997 815.57316
0 2481.3306000000002 386.536612 2841.80988 559.03534
0 547.96014 409.386924 835.56858 531.5732840000001
10 163.09944000000002 485.190076 344.44452 521.680596
10 432.90765 490.71766799999995 628.62639 521.678684
10 56.395080000000014 212.066612 621.43956 294.999612
1 2496.8876099999998 1421.2335759999999 2937.66711 1684.40508
1 2814.5075699999998 1107.5021 2929.88787 1413.454604
1 2596.7123699999997 1317.520004 2937.66711 1419.9362840000001
1 2721.16551 1203.4367 2936.37057 1313.6309959999999
1 2826.2322900000004 319.209356 2939.01951 811.226228
1 2363.63946 312.672228 2927.5785 381.32641200000006
1 2365.27263 322.479832 2489.50233 546.42092
1 567.20685 1102.18674 684.8979899999999 1370.262524
1 428.26539 1013.9173480000001 568.84149 1478.145212
1 366.15200999999996 932.186996 467.49675 1478.1452120000001
6 45.30687 1708.958984 285.34317 1813.0712079999998
6 158.09702999999996 1576.891408 338.36313 1711.85184
6 283.41453 1386.019316 362.46231 1476.634732
6 171.59163 1465.067132 336.43449000000004 1576.8904519999999
6 141.70653000000001 1343.603508 293.05479 1486.275036
6 134.95923 1135.380016 350.89341 1333.96416
6 198.58377000000002 1019.700192 361.49799 1134.416368
6 186.05055000000002 929.0838200000001 321.01125 1018.735588
6 248.71224 879.92152 316.19112 933.9049279999999
6 366.31959 878.956916 410.66361000000006 925.229228
6 212.07836999999998 743.03188 397.16607 878.95596
6 278.59587 688.084824 319.08261 720.860328
6 360.53367 682.30198 390.41876999999994 709.293684
6 339.32745 583.009908 434.76279 653.381068
6 299.80356 485.6460880000001 424.15968000000004 572.405
6 374.99553000000003 414.30936800000006 457.90058999999997 479.86037600000003
6 403.91484 344.90185600000007 439.58291999999994 388.281312
6 340.29177 347.794712 399.09470999999996 401.77812
6 251.60373 162.70737599999998 439.58439 238.862336
6 433.79994 169.454824 483.92694 232.11488799999998
6 296.91207 239.82598399999998 467.54085000000003 343.938208
7 1746.28356 735.3207840000001 1953.5417999999997 843.2876
7 1627.7089500000002 824.973508 2074.03917 927.1565240000001
7 1519.74186 916.5516160000001 2183.9349 1083.3239039999999
7 1641.20649 1086.215804 2071.14915 1177.7948680000002
7 1760.74101 1180.68868 1967.0378699999999 1256.84364
7 356.19570000000004 328.995928 762.03918 401.29629600000004
7 462.23708999999997 256.69556 556.70811 319.35562400000003
7 1099.44093 161.259992 1192.94763 233.56036000000003
7 1192.94763 396.476144 1396.3515300000001 501.552016
7 1088.83341 488.0561640000001 1400.20587 642.295292
0 1067.6271900000002 567.10398 1164.02685 701.0988520000001