2 646.65006 685.3095559999999 891.0228599999999 1076.30782
8 1041.4068000000002 516.1271919999999 1195.551 681.5496079999999
8 2718.18435 1471.06412 2898.6444899999997 1666.5622960000003
0 793.27374 1215.4115559999998 1154.1940200000001 1448.505388
0 778.23564 346.94674 1146.67644 501.090268
0 1541.43318 865.769852 1706.85522 949.410292
0 1524.34443 939.1571920000001 1637.1316499999998 1075.869016
0 1657.63815 1434.7389879999998 1982.32881 1578.286212
0 2761.59051 1328.786464 2939.3164500000003 1424.485888
0 2908.55523 1335.6209079999999 2939.99853 1745.758292
0 2676.1467599999996 1660.31388 2940.0 1738.9238480000001
0 1182.5620800000002 330.78556000000003 1298.7685199999999 470.91603999999995
0 1722.5754000000002 320.53246 1825.1108399999998 467.49834000000004
0 2177.1435 481.1691400000001 2279.6789400000002 628.1350199999999
0 2351.45316 159.89577999999997 2453.9885999999997 303.443004
0 2594.11782 399.142428 2696.65326 549.526964
0 2430.06288 740.921988 2536.0146 891.306524
0 2758.17276 665.730676 2850.45348 799.025756
0 2799.18723 928.90218 2911.9744499999997 1079.286716
0 2761.5890400000003 159.894824 2853.86976 221.415336
0 92.28072 1721.8343919999998 642.54876 1814.11516
0 109.37093999999999 1615.882824 516.09054 1721.834392
0 116.20497000000002 1509.929344 423.8083500000001 1619.299568
0 146.96472 1410.815088 331.52616 1499.6772
1 327.08382 158.96654800000002 665.44842 241.677756
1 300.76640999999995 249.19669599999995 556.41999 369.50356
1 293.24883000000005 369.50451599999997 413.55657 576.2815800000001
1 266.92995 568.761684 503.78517 674.030668
1 251.89184999999998 674.0306679999999 609.05187 858.249956
1 229.33616999999998 854.490008 710.5641899999999 1019.912424
1 214.29513 1027.4323200000001 469.94871 1170.29696
1 187.98066 1174.0569079999998 297.00762000000003 1377.07498
1 1620.38247 666.5117280000001 2090.3326500000003 756.742832
1 1507.59672 752.9819279999999 2199.3610799999997 869.5298
1 2086.57239 843.213032 2327.18493 937.203128
1 2206.88013 937.2021719999999 2492.6099099999997 1328.2004359999999
1 2124.16911 1226.6914 2214.40065 1324.440488
1 2018.90094 1331.959428 2409.8974200000002 1463.54518
1 2526.4449000000004 1644.0064320000001 2654.27022 1816.9468319999999
1 2658.03195 1741.7536080000002 2936.24121 1809.426936
1 1654.2204000000002 1745.514512 1782.0457199999998 1813.1878399999998
0 865.6932899999999 681.242732 1259.46219 788.094852
0 1200.10212 578.350364 1265.39952 699.053012
7 1745.95428 914.0067439999999 1961.0035199999998 1017.770984
7 1652.7165899999998 1007.2444679999999 2084.3174099999997 1114.016284
7 1526.3936100000003 1108.001132 2203.11987 1270.4159720000002
7 1637.67702 1274.9263799999999 2078.3007000000002 1359.1404200000002
7 1768.50996 1359.142332 1971.5287199999998 1470.4264679999999
0 1637.6784900000002 1336.584556 1744.45047 1441.8535399999998
10 30.076200000000007 211.600084 691.76436 294.311292