10 396.63687000000004 481.58213200000006 664.82073 520.43206
10 193.61957999999998 484.0887640000001 318.94002 522.9386920000001
10 53.26103999999998 212.14500400000003 625.97304 294.856212
2 1335.4362 658.3713880000001 1540.6482 1098.557764
3 727.6382400000001 330.973892 926.58216 622.3416599999999
3 829.4607300000001 158.659672 1019.00547 465.692456
0 1402.79748 161.791528 1498.35336 304.3426
0 1073.83206 393.63395599999996 1172.52198 533.05126
0 1086.36675 164.925296 1180.35561 285.545728
0 1620.5412300000003 486.057168 1722.3622500000001 628.6082399999999
0 1842.9816300000002 161.79248400000003 1932.27237 298.077932
0 1777.1903100000002 1529.3437920000001 1889.97753 1690.693648
0 1144.32591 1530.9097199999999 1271.21337 1682.860184
0 669.67761 1537.1753440000002 1114.56135 1667.195168
0 679.07679 1427.5202319999999 752.70321 1646.830456
0 1303.3255199999999 1134.587492 1367.55276 1350.763948
0 947.72958 1125.187144 1370.68386 1245.807576
0 1781.10492 1031.198004 1951.8542400000001 1158.08406
0 1652.6533800000002 409.298016 1918.9585799999998 539.31784
0 2581.58607 459.425876 2849.45829 653.671692
0 2683.40856 224.451592 2851.0238400000003 647.4051119999999
0 2459.39967 224.451592 2811.86157 388.93330399999996
0 2583.1516199999996 1018.666756 2692.8077399999997 1118.922476
0 1517.93376 830.686564 1613.48964 974.8035639999999
0 2530.20516 1745.5135559999999 2665.551 1809.42598
7 1738.02804 558.1156679999999 1943.2400400000001 658.371388
7 1637.7711000000002 652.104808 2052.89322 746.094904
7 1523.4183299999997 746.09586 2181.34623 894.9125560000001
7 1629.93894 896.4803959999999 2065.4235 982.637028
7 2130.93552 1692.241412 2517.4220400000004 1811.0435320000001
7 1203.07005 244.04768 1403.0811899999999 466.61595200000005
7 1094.79132 320.74278 1407.5896799999998 466.614996
7 362.42556 170.3592 771.4677600000001 286.15374399999996
1 112.78722 1617.5911959999999 403.30037999999996 1808.988132
1 164.05346999999998 1299.7336240000002 300.76640999999995 1627.844296
1 174.30671999999998 1231.379624 447.73259999999993 1368.091448
1 184.56143999999995 1108.336688 577.6100399999999 1265.556624
1 201.65018999999998 916.9407080000001 707.4860100000001 1173.276812
1 228.99366000000003 821.241284 598.11654 920.357452
1 246.08240999999998 728.9605160000001 492.16335000000004 831.49534
1 270.00813 554.651124 420.39207000000005 735.7959159999999
1 300.76935000000003 322.240832 717.74073 400.8508
1 2477.91432 1214.2892120000001 2940.0 1470.6253159999999
1 2348.0354100000004 158.185496 2460.82263 376.925944
1 2354.86944 168.43955200000002 2682.97932 216.289264
6 390.89946 840.396656 428.49618000000004 871.2448639999999
6 301.24857000000003 729.536984 344.62827 763.2761360000001
6 251.12157000000002 1233.707484 292.57263 1268.412196
6 199.06593 1463.1388799999997 243.40994999999998 1496.8780319999998
6 151.82895 1653.529148 194.24433000000002 1690.161156
6 459.8262899999999 189.217256 501.27735 221.02911200000003
1 2699.3859899999998 918.403388 2928.72069 1215.411556
1 2830.9701 158.96654800000002 2936.23974 632.674108