0 1924.9106100000001 437.17688799999996 2161.76583 610.117288
0 2026.41999 200.323108 2158.00557 621.3971319999999
0 1815.88071 204.081144 2150.4850500000002 369.50356
0 2473.81155 448.45577599999996 2721.9446099999996 617.6371839999999
0 2507.64801 444.69678400000004 2650.5114299999996 1001.1155519999999
0 2642.99385 880.808688 2785.8572700000004 997.3565599999998
0 2421.17526 813.1344039999999 2518.92438 940.9611639999999
0 2556.5211 229.104444 2671.28694 363.65762000000007
0 2239.92573 1282.7789639999999 2344.79847 1421.28998
0 1867.9231200000002 991.905448 1966.8600000000001 1088.8629680000001
0 2505.0755099999997 1595.417732 2621.81997 1751.737116
0 2726.69271 1199.671972 2934.45957 1290.692732
0 1058.62344 999.819216 1238.68668 1126.4586239999999
0 573.8336099999999 1104.692416 649.02411 1314.4388159999999
0 223.59728999999996 1100.734576 652.9813499999999 1223.4161439999998
0 389.80871999999994 1504.3960160000001 522.38508 1658.73648
0 0.0014700000000014701 1512.311696 364.08813000000004 1623.119744
0 1019.0481 1502.4170960000001 1129.8567 1638.9491919999998
0 1757.11452 1722.056184 1883.7520800000002 1809.121016
0 981.45285 376.518688 1254.5171100000002 509.092944
0 949.79052 467.539448 1040.81292 598.136696
0 1197.1312500000001 160.83744 1286.1750299999999 271.645488
0 763.7899500000001 162.81636 852.83373 273.62440799999996
0 439.27863 162.815404 536.2368899999999 247.901316
0 815.23848 809.86106 917.9679600000001 934.517724
0 411.57500999999996 374.540724 512.49051 509.0939
0 89.28926999999999 254.437488 202.07649 348.42758399999997
1 1732.54494 1185.15798 2227.55862 1442.06386
1 1857.86538 1091.16884 2352.8790599999998 1272.881496
1 1967.52003 990.9112080000001 2327.81409 1084.9013040000002
1 2074.0406399999997 887.5236320000001 2318.4134400000003 990.91312
1 2164.8984 157.53637200000003 2283.95076 605.5543
1 1704.3473999999999 157.535416 1814.00352 358.04685600000005
1 0.0 298.52056 115.91832 436.37193599999995
1 2713.1731199999995 1291.68028 2940.0 1429.5316559999999
1 2559.65514 1012.8428039999999 2804.02794 1144.428556
1 2471.93142 370.580016 2700.6399 445.77132800000004
2 1353.45399 668.2134080000001 1569.62925 1109.965712
3 128.45301 345.51560800000004 344.62827000000004 652.548392
7 1077.74814 542.895192 1275.12798 640.0171439999999
7 964.96092 630.618708 1384.7811600000002 721.4750359999999
7 842.7745199999999 708.943788 1478.77296 874.9914279999999
7 952.42917 881.258008 1381.6485900000002 953.317464
7 1030.7537100000002 950.1827399999999 1271.99541 1006.57718
7 1378.51602 1664.50594 1748.2092599999999 1814.890476
7 579.6033600000001 210.798 751.9167600000001 442.63947199999996
7 441.75264 295.387748 761.31888 436.372892
7 0.0 176.333244 144.1188 264.05771599999997
7 2644.24482 1673.9043760000002 2929.3483800000004 1808.623896
8 2800.89684 655.681204 2940.0 925.118332
10 56.39214000000001 214.41646 623.22414 293.9461