10 1436.6207099999997 654.263456 1599.5349299999998 729.454768
10 1393.3292099999999 710.087164 1551.68643 778.443076
10 2087.14275 634.8958520000001 2266.00941 705.5308679999999
10 2041.57275 678.188312 2219.29869 752.240072
10 435.03767999999997 483.75512000000003 629.73036 525.3793599999999
10 163.80945 486.44243600000004 345.07514999999995 525.380316
10 55.05150000000002 208.49977600000003 618.9905399999999 293.09048
0 1129.85523 704.9878600000001 1230.7707300000002 847.4567159999999
0 878.55579 1168.0111639999998 987.3857699999999 1306.52218
0 556.02456 881.095488 654.96144 974.0951680000001
0 332.4258 1710.18362 435.3199199999999 1813.0779
0 344.29899 1607.291252 478.85397 1727.9939
0 692.5552200000001 342.88087199999995 931.9829400000001 526.9032239999999
0 811.2797699999999 162.815404 941.87751 511.0728199999999
0 619.3448099999999 164.79528 941.87751 279.561168
0 1361.367 160.83744 1468.21836 269.66848
0 1232.75082 340.90290799999997 1369.28442 896.925892
0 1369.28295 340.90099599999996 1478.11293 526.902268
0 1925.30604 776.223244 2160.77652 883.0753639999999
0 2002.4780999999998 350.79464 2154.84066 881.095488
0 1893.64518 344.859792 2137.03014 515.031616
0 1381.1532000000002 1080.9482440000002 2036.1146400000002 1175.9268439999998
0 2208.26487 1464.8204839999999 2317.0948500000004 1615.20502
0 2493.20232 1698.312012 2600.05368 1815.05682
0 2423.9476799999998 1073.0325639999999 2534.75628 1219.4592599999999
0 2491.22517 786.115932 2604.01239 928.5847879999999
0 1887.7093200000002 160.838396 1994.5606799999998 273.625364
0 1092.26145 1470.757244 1205.0486700000001 1613.2261
0 844.91925 1686.438492 953.7492299999999 1811.09898
0 2877.07812 958.266676 2940.0 1108.651212
0 2441.64501 347.31002 2681.84007 522.757052
0 2416.58004 159.329828 2562.78624 522.757052
0 2422.84665 153.064204 2746.59063 286.73786
1 516.22137 162.360348 611.65671 262.13424399999997
1 944.23686 158.02202 1045.45518 509.39982000000003
1 782.28255 781.2460680000002 1004.9669700000001 1164.435724
1 388.97229 1069.0011120000001 870.4884299999999 1320.605016
1 529.23528 972.119116 1017.98088 1080.569668
1 659.37438 872.3442640000001 1029.5497799999998 967.7798319999999
1 1343.3301000000001 1171.665952 2079.34146 1329.27976
1 1928.9604600000002 889.69662 2171.88678 1034.2954439999999
1 1234.8793799999999 886.80472 1376.58738 1024.174272
1 1249.3427100000001 278.04112799999996 1466.2412100000001 340.219368
1 1900.04115 278.040172 2116.93965 344.55674000000005
1 2299.1343899999997 160.91392000000002 2433.61293 496.38579200000004
1 2744.50176 162.360348 2848.61304 273.701844
1 2883.3168 439.99326400000007 2939.7118800000003 810.1679359999999
2 1366.3782299999998 674.120532 1576.6793699999998 1102.949628
4 1679.80575 931.839012 1923.13485 979.878012
7 1839.3081000000002 1539.3588479999999 2192.1316199999997 1675.282928
7 1842.19812 1640.57726 2461.0857600000004 1802.5293960000001
7 1231.9893599999998 1533.575048 1584.81288 1657.9315279999998
7 965.92524 1646.3629720000001 1596.3788399999999 1808.315108
8 1547.12796 563.1212840000001 1731.6893999999998 805.7865879999999
8 1653.07968 478.815468 1838.7818399999999 715.7830119999999
9 2157.77625 773.885824 2234.10747 883.256048
0 2172.5865 713.5058200000001 2260.31022 810.342884