2 781.9958999999999 734.297864 1027.12134 1113.263912
10 1085.76993 672.6396880000001 1230.13863 821.51948
10 1012.0817700000001 809.489176 1138.4047500000001 862.122712
10 47.84996999999999 207.744536 673.3085100000001 303.44395999999995
0 1093.69764 159.89577999999997 1196.23308 211.162236
0 1732.8286500000002 231.66843599999999 1842.1995900000002 364.963516
0 2043.8512500000002 320.53150400000004 2156.63847 446.991184
0 2477.91138 1094.6658879999998 2583.8631 1248.467168
0 2214.74169 807.570484 2324.11263 968.207164
0 1739.66562 636.679748 1842.2010599999996 780.2269720000002
0 2638.55004 718.70646 2744.50176 865.67234
0 2392.46616 472.625368 2498.41788 612.7558479999999
0 1524.34149 1306.570936 1647.38343 1443.2827599999998
0 1654.2189300000002 1733.79682 1767.00615 1819.242188
0 830.5279500000001 1019.47362 1254.33777 1135.6792440000002
0 1192.8167999999998 886.179496 1271.42652 1053.651576
0 1175.72658 657.1869040000001 1295.3492999999999 793.898728
0 755.33451 660.604604 1141.54761 746.0499719999999
0 745.08273 667.4390480000001 816.85695 855.41924
0 321.27438 158.18645200000003 423.80982 380.343644
0 403.30185 161.603196 779.2602299999999 233.37776400000004
0 1538.01396 1214.2892120000001 1722.5753999999997 1327.07618
1 1630.2961500000001 1002.3851199999999 2095.1189699999995 1108.336688
1 1514.08824 1101.5032 2235.24672 1238.215024
1 2122.4595 1197.201668 2361.70494 1309.9886359999998
1 2235.24819 1303.15228 2532.59685 1767.9747760000002
1 2142.96747 1631.2619960000002 2412.97413 1812.406788
1 2023.34181 1720.1260200000002 2146.38375 1819.242188
1 765.5892300000002 1603.920396 1155.21861 1767.975732
1 782.6779799999999 161.603196 994.58142 281.227476
1 437.48082 233.37776399999998 871.54242 363.254188
1 304.18562999999995 359.8384 758.75373 448.700512
1 300.76641000000006 438.446456 649.38279 527.308568
1 287.09687999999994 534.1449240000001 522.92604 698.20026
1 259.75341 705.036616 372.54063 903.268952
1 228.99366 913.522052 478.49381999999997 998.9674200000001
1 225.57443999999995 1002.386076 581.0263199999999 1115.173044
1 208.48569 1101.502244 686.97951 1368.090492
1 184.55997 1333.912536 557.10207 1460.3722160000002
1 174.30819 1453.53586 430.64385000000004 1556.0706840000003
1 143.54990999999998 1535.5635280000001 297.35013 1812.4058320000001
0 769.00698 1767.974776 1121.0425799999998 1815.824488
7 1514.0911800000001 243.632776 1712.3236200000001 318.82408799999996
7 1414.97202 315.405432 1715.7399 394.01539999999994
7 1315.8557999999998 383.761344 1722.5753999999997 458.95265599999993
7 2067.77403 479.460768 2375.37741 708.4533600000001
7 1773.8445900000002 1279.2283799999998 1978.9125299999998 1395.434004
7 1661.05737 1385.179948 2129.29647 1484.296116
7 1558.5204599999997 1487.715728 2218.1565 1655.187808
7 1797.76884 1774.810176 1992.5850000000003 1819.241232
7 1674.7269000000001 1658.6055079999999 2095.1175 1761.1403320000002
9 1066.18071 817.74328 1161.61605 910.2879039999999
7 2765.00826 165.02280799999997 2847.03426 411.10485600000004
0 2816.27598 411.1039 2857.28898 527.309524
1 2160.05622 311.98773200000005 2501.8370999999997 428.193356
1 2392.46616 421.357956 2508.6726 506.803324