2 1353.4539900000002 670.269764 1612.8648900000003 1132.700348
10 52.63629000000001 204.081144 672.96747 301.830232
0 1800.8440800000003 249.196696 1928.6694 388.302344
0 928.61811 576.2815800000001 1060.20369 726.666116
0 518.82327 598.839356 913.58001 685.3095559999999
0 496.26612 610.118244 582.7374 771.779756
0 2150.48505 400.12232800000004 2251.0536300000003 531.1669840000001
0 1964.03613 739.7795679999999 2064.2930699999997 887.37832
0 2398.4799300000004 647.8792879999999 2502.91167 795.47804
0 2209.10718 1008.520728 2317.71666 1165.866856
0 2550.9527399999997 930.5436320000001 2653.99386 1076.750448
0 2587.15443 1209.033124 2694.37329 1360.809596
0 2659.56222 1644.866832 2738.93046 1814.744208
0 2531.4576 1644.865876 2737.53984 1775.75566
0 1398.01116 1759.047648 1734.9822000000001 1821.707712
0 1370.16348 1643.4739399999999 1487.12844 1774.3637239999998
0 1271.29863 1221.564372 1378.51749 1363.5934680000003
0 593.18028 937.50618 1002.5576400000001 1067.0040279999998
0 941.2909800000001 849.78362 1006.73538 1064.2201559999999
0 517.8001499999999 1656.412444 842.4908099999999 1769.199412
0 2862.41487 157.703672 2925.64545 217.514856
0 2571.90171 314.921696 2671.0179300000004 451.63352000000003
0 2824.8196199999998 480.68636 2925.6439800000003 622.526168
0 1493.58468 571.256844 1594.40904 704.551924
0 1503.8349899999998 164.53907199999998 1602.9512100000002 301.250896
0 1290.22341 1133.488092 1459.40571 1251.4030440000001
7 1508.3919899999999 1193.138668 1723.7146500000001 1307.065188
7 1391.04924 1296.812088 1852.4528400000002 1408.461416
7 1272.5643 1397.0668520000002 1952.70978 1590.742892
7 1395.6062399999998 1580.489792 1839.9225599999997 1669.3519039999999
7 1512.9519300000002 1672.77056 1727.1338700000001 1781.0012319999998
7 1828.88433 403.03239199999996 2132.7833100000003 630.1741679999999
7 1087.93083 326.274196 1477.98945 387.368332
7 1197.58695 251.08288399999995 1493.6537700000001 337.239516
7 1299.40797 171.191876 1481.12055 252.648812
0 97.12437000000003 163.359368 332.09799 247.95007199999998
0 78.32306999999999 227.584404 213.04269 315.30887600000005
1 492.50586 1517.5257199999999 891.0228600000002 1682.9481360000002
1 331.82457 162.28864800000002 768.26463 240.74948
1 215.76807 237.47995999999998 652.20813 315.940792
1 68.65487999999999 315.940792 550.8619199999999 386.229736
1 58.845570000000016 386.22878000000003 428.2653899999999 476.132932
1 47.40456 474.49817199999995 297.4986 636.324116
1 14.710290000000002 634.689356 156.92103 825.9371560000001
1 0.0 829.206676 240.28619999999998 924.013196
1 0.0014700000000014701 922.379392 341.63241 1015.551152
1 0.0 1017.187824 446.24496 1270.5507679999998
1 0.0 1272.185528 315.47964 1368.626808
1 0.0 1363.723484 178.16988 1476.510452
1 1274.99127 1020.4554320000001 1377.97065 1147.95524
1 1610.08659 922.3793920000002 1740.8548499999997 1182.281376
1 1737.5855700000002 932.186996 1848.73815 1179.0128120000002
1 1853.64207 1018.8216280000001 1982.77569 1259.108404
1 1974.60249 1110.359584 2090.65899 1259.1093600000002
1 1981.1395799999998 1211.7041880000002 2260.6571400000003 1690.64298
1 1874.8923900000002 1530.451796 1990.9488900000001 1638.336396
1 1752.29733 1635.066876 2133.15963 1793.6233
1 2739.80217 1621.988796 2908.98447 1812.3188360000001
1 1940.88804 245.038096 2258.10228 388.37308800000005