2 1364.7303599999998 666.510772 1597.8253199999997 1110.142572
0 1806.39333 753.3203520000001 1912.01871 900.123712
0 1793.8615799999998 499.09987599999994 1895.90898 640.532428
0 1459.0808399999999 576.0817759999999 1566.4966799999997 712.1435200000001
0 1247.8242 330.813284 1349.8716 463.29385199999996
0 1673.91399 244.880356 1770.59001 386.31290800000005
0 2094.62946 157.15684000000002 2185.9341 232.348152
0 816.36891 168.79231600000003 913.04493 312.0145
0 558.5676599999999 763.166196 662.4025800000001 904.598748
0 619.43889 1137.335036 732.22611 1260.86362
0 846.80232 1543.7296800000001 961.38 1692.322672
0 470.84247 1558.051516 540.66453 1805.1105960000002
0 639.1295399999999 1241.1719319999997 943.4783399999999 1364.7005159999999
0 0.0 1149.86724 121.73952 1257.2833999999998
0 0.0 535.8007160000001 331.20276 623.525188
0 0.0 186.695328 268.5396 301.27383999999995
0 288.23466 183.11510800000002 406.39326 317.385308
0 1611.2537699999998 1457.795796 1913.8121099999998 1558.051516
0 1838.61867 1149.868196 1908.44073 1463.166604
0 1729.4108999999999 1144.496432 1894.11558 1269.81656
0 2425.8307499999996 1345.007872 2542.19889 1491.811232
0 2291.55801 1117.641436 2540.40843 1384.3941160000002
0 2246.8023900000003 650.379228 2488.49097 908.179924
0 2356.01016 423.01374799999996 2940.0 534.011084
0 580.0517100000001 680.8125319999999 750.12777 800.761852
10 48.87603 207.842048 669.2072099999999 301.832144
10 488.74854 490.71002000000004 626.59926 528.3056760000001
10 140.35707 483.1891680000001 418.56633000000005 528.30472
8 2694.37182 881.706372 2867.31438 1062.166668
8 2569.05579 788.970548 2731.97001 997.0018839999999
3 2549.0005800000004 1020.8110640000001 2731.96854 1351.655896
1 0.0 1028.331916 175.44744 1181.221172
1 674.2199099999999 494.469012 1127.87661 589.711468
1 553.9121700000001 579.6858960000001 1230.63843 712.524008
1 1132.89078 667.4094120000001 1355.9603399999999 812.780684
1 1345.93347 812.78164 1448.69529 1191.246744
1 1233.14625 674.9302639999999 1343.42859 1294.0090959999998
1 1105.32093 1043.369796 1228.1335499999998 1286.4901559999998
1 985.0146599999999 1128.58668 1101.85026 1283.982568
1 589.00254 1529.6095599999999 716.82786 1815.33884
1 1456.2158100000001 1434.367104 1609.10463 1710.0698559999998
1 1463.7333899999999 1562.192908 2090.33265 1707.5641799999999
1 1947.4692300000002 1133.598988 2080.3072500000003 1697.5376520000002
1 2268.2864400000003 842.8574000000001 2626.70184 1128.5866800000001
1 2488.84965 662.396148 2932.48095 847.8697080000001
1 2556.5211 1075.952188 2937.49218 1394.2638600000002
1 2869.82073 812.780684 2934.98583 1118.5611079999999
1 2591.6114700000003 1752.67782 2937.4936500000003 1817.844516
1 2308.3880400000003 326.54092 2940.0 446.847784
7 793.8529199999999 753.773496 1000.6290000000001 849.209064
7 682.5107100000001 840.533364 1109.07825 943.198204
7 553.81515 927.293232 1217.5289699999998 1087.797984
7 655.0364100000002 1084.906084 1103.29527 1193.356636
7 762.0421200000001 1194.8021079999999 968.8181999999999 1271.440804
7 1149.56646 159.46844800000002 1450.33434 244.781888
7 2186.20017 158.435012 2490.72831 244.90521199999998
7 2706.90504 164.0735 2940.0 243.02571600000002