2 1360.97304 711.6263240000001 1567.7491200000002 1065.02702
7 1417.3651800000002 1373.315032 1767.0076200000003 1666.562296
7 2511.4067999999997 399.58027599999997 2804.65416 602.5983479999999
7 2304.62778 489.81042399999995 2703.14478 685.3086
7 2199.36255 643.952996 2556.52257 1301.8817559999998
7 2372.30364 1204.131712 2695.6272 1534.9765439999999
7 2642.9923799999997 1283.0848839999999 2838.49062 1651.5253719999998
7 2646.7526399999997 1384.59392 2928.7221600000003 1644.006432
7 661.6866900000001 632.675064 1063.96395 707.866376
7 864.70545 790.57854 1052.68611 869.530756
7 766.95633 711.62728 1056.44343 786.818592
7 849.6658799999999 1080.0658560000002 1052.6846400000002 1177.814944
7 733.11987 1174.055952 1037.64801 1275.5640320000002
7 594.01671 1268.045092 1048.9258499999999 1350.7563
7 1424.8857 380.783404 1725.65358 583.801476
0 398.07306000000005 1621.67236 537.39966 1769.844712
0 0.0 1632.731368 371.53368000000006 1747.73052
0 0.0 798.9856040000001 145.95924 991.3882520000001
0 2.212349999999999 710.525968 50.86641 995.8116640000001
0 367.11339 821.101708 482.11149 1040.042916
0 1092.49224 639.756156 1189.80036 779.081684
0 1059.32022 1095.330308 1161.0501000000002 1234.6558360000001
0 1404.31746 1203.6948200000002 1525.9511400000001 1347.444716
0 1786.90995 1409.366748 1897.48629 1548.692276
0 2264.5996800000003 1298.790052 2364.11868 1435.9053079999999
0 2193.83241 460.62278800000007 2282.29407 606.5829560000001
0 2381.8116000000005 296.96992800000004 2481.3306000000002 438.50764
0 1101.3386999999998 226.200116 1200.8577 356.68073200000003
0 1048.26141 1606.1918520000002 1154.41599 1758.7866600000002
0 561.72669 248.317176 674.5139099999999 369.950968
0 165.86597999999998 254.95181599999998 532.9779 350.04704799999996
0 163.65069000000003 166.48931200000004 229.99767000000003 334.565584
0 1448.5497599999999 566.775116 1835.5654799999998 644.178612
0 1767.0076200000003 482.73793600000005 1828.9299 644.179568
0 1736.04648 392.066116 1853.2584000000002 518.1223640000001
0 2574.21402 730.428932 2671.52214 1124.081052
0 2050.08405 1710.133908 2160.66039 1809.651596
0 2534.40789 1511.0966199999998 2644.98423 1650.422148
1 0.0 1001.114596 127.82532 1253.007212
1 146.62221000000002 715.3862720000001 266.92995 1151.498176
1 0.0 553.72476 82.70808 700.3483920000001
1 52.63335000000001 636.435012 172.94109 786.819548
1 1398.56829 640.194004 1879.79631 794.337532
1 1541.4317099999998 1200.373676 1894.8344100000002 1350.758212
1 1759.48857 1189.093832 1898.59467 1407.1497840000002
1 2675.5764 730.579024 2830.13808 1142.0452480000001
10 51.69254999999996 214.491984 662.6274900000001 294.382992