2 1345.93347 711.626324 1563.9903299999999 1080.066812
3 834.62778 155.20755599999998 1018.8481800000002 384.54239599999994
8 1729.41237 177.764376 1891.0741499999997 388.302344
8 973.73388 422.138052 1154.7320399999999 660.031004
7 1898.5917299999999 895.8465679999998 2233.19607 1136.460296
7 1090.28283 1174.055952 1545.1919699999999 1268.046048
7 1218.10668 1256.76716 1548.9507600000002 1354.516248
7 1323.37632 1350.7563 1548.9507600000002 1456.0252839999998
7 1327.13658 1692.8809760000001 1541.43318 1816.946832
7 1418.3045100000002 164.074456 1937.1292500000002 218.5894
7 1566.8083199999999 310.699044 1720.9525199999998 348.29470000000003
7 1463.4202799999998 222.34743600000002 1843.1389199999999 256.1841
4 1420.18464 258.06264 1720.95252 312.577584
7 2838.49356 993.5947000000001 2940.0 1192.85378
7 2744.5017599999996 1196.613728 2940.0 1801.90704
0 1570.97283 324.352636 1729.4123699999998 445.196772
0 1326.60003 157.857588 1412.5332899999999 281.386172
0 2317.51821 305.554808 2411.5070699999997 388.803288
0 2669.30832 557.985652 2771.35572 689.571404
0 2819.6952 163.22744 2908.31268 278.700768
0 2736.44616 998.394776 2835.8064 1138.0357840000001
0 1570.97283 1202.486436 1675.70445 1336.7566359999998
0 805.62615 1409.2644559999999 929.15613 1642.89556
0 980.1798299999999 740.5940800000001 1095.65421 877.5506399999999
0 558.56766 660.03196 620.33118 861.438216
0 566.62473 754.0211 950.63871 866.8080679999999
0 1939.9472400000002 1115.2495239999998 2351.62368 1207.360124
0 2283.95223 1019.379932 2353.50381 1205.4806279999998
0 2244.47685 927.2722 2357.2640699999997 1064.4964400000001
0 1556.47128 1720.5437920000002 1673.01876 1810.774896
0 3.7602599999999966 1085.173764 156.39917999999997 1811.0435320000001
0 116.54894999999999 1184.803304 229.33617 1711.146312
0 182.34174 1281.692948 457.16706 1711.145356
0 426.7116 1389.7008720000001 556.41852 1607.7568240000003
0 1137.2757900000001 395.28974800000003 1189.9106100000001 598.30782
0 810.1905 402.808688 1189.9091399999998 519.35656
0 1565.8689900000002 735.53206 1659.8578499999999 870.8768040000001
1 160.90914 1716.302976 547.39566 1812.549232
1 433.1061 1614.042524 690.26202 1776.457364
1 565.4428499999999 1296.7327400000001 709.81155 1773.449788
1 463.18230000000005 1283.197692 712.8177000000001 1388.4666759999998
1 236.10257999999996 1192.9675439999999 598.52814 1278.686328
1 132.33821999999998 1089.203304 494.76378 1191.464712
1 31.58001 995.9655799999999 390.99795000000006 1084.69194
1 46.619580000000006 821.521392 296.25498 994.4617920000001
1 63.161489999999986 598.9521639999999 224.07062999999997 820.015692
1 106.77198 468.1178280000001 344.37690000000003 618.5023640000001
1 129.3306 161.33647200000001 485.74092 532.7845360000001
1 476.71658999999994 226.000312 595.51905 465.11120800000003
1 2203.1184000000003 468.11782800000003 2663.2930800000004 710.2363
1 2503.88775 222.99273599999998 2765.5565699999997 555.3403999999999
1 2294.8537499999998 397.43788 2511.40533 484.65949600000005
1 2415.16149 290.66510800000003 2511.4082700000004 481.65287600000005
1 1905.26553 1196.136684 2406.13863 1365.924196
10 45.11429999999999 204.081144 676.72626 301.830232