2 1047.20154 677.170172 1249.2795 1120.488404
0 1764.11466 1135.515768 1868.22594 1272.88532
0 1785.8074500000002 1651.737604 1897.14819 1796.336428
0 2171.88531 1556.3010800000002 2605.68525 1660.413304
0 2530.49475 1449.298868 2607.13173 1657.5214039999998
0 2481.3306000000002 1342.294744 2608.5796800000003 1489.7864240000001
0 2539.1692199999998 668.460056 2641.8340200000002 763.895624
0 2547.84663 158.02393199999997 2800.8953699999997 332.98913999999996
0 1645.54446 159.468448 1895.7031800000002 224.537632
0 1616.6251499999998 176.819848 1709.16753 311.29845600000004
0 1093.17138 156.576548 1184.2702199999999 225.98406
0 1508.1759000000002 490.601036 1609.3942199999997 630.863444
0 1308.62781 766.7865680000001 1369.35939 977.90196
0 967.3717200000002 763.894668 1373.69736 896.925892
0 1155.34944 1138.4076679999998 1281.15204 1288.792204
0 711.4314899999999 1147.0843240000002 1124.98659 1268.547948
0 712.8765 1044.4185280000002 780.8375400000001 1267.10152
0 98.32829999999997 1734.158188 626.1171 1813.687828
0 117.12666 1628.602404 383.19077999999996 1741.3893719999999
0 131.58558000000002 1518.705424 273.29358 1635.83072
0 1767.0090899999998 675.688372 1933.29843 805.828652
10 48.87603 204.081144 676.72773 301.830232
7 2117.24394 1294.650572 2475.39474 1587.5020519999998
7 1274.30478 1607.290296 1755.1359 1708.205656
7 1396.9836300000002 1712.16254 1765.0275300000003 1811.09898
7 1735.34823 251.85915599999998 1923.32889 342.879916
7 1624.53963 334.966148 2038.0947300000003 429.94474800000006
7 1523.62266 414.1143440000001 2140.98738 572.412648
7 1636.4113500000003 576.370488 2053.92369 641.6691119999999
3 936.1371600000001 151.447608 1109.07972 267.99548000000004
8 1913.62983 538.6859240000001 2101.61049 764.261772
1 2441.52153 855.3800440000001 2916.9989100000003 1089.8008040000002
1 2532.19554 755.860444 2936.90418 846.53322
1 2740.08 574.516804 2940.0 753.6501720000001
1 2145.1783499999997 1654.84556 2660.46333 1809.652552
1 2050.0825800000002 1546.480092 2052.2934600000003 1548.692276
1 389.22807000000006 1637.152868 758.55381 1747.729564
1 280.86408 1548.693232 645.76512 1630.519184
1 141.53600999999998 1440.3287199999997 532.97643 1522.154672
1 170.28627 1230.234336 444.51476999999994 1433.69408
1 207.88298999999998 944.9457719999999 356.05604999999997 1210.32946
1 619.2286799999999 577.834124 745.28412 823.3138919999999
1 495.38118000000003 482.737936 619.22574 922.830624
1 278.6532 403.12225600000005 479.90208000000007 982.5423839999999
1 327.30579000000006 162.066856 455.5750500000001 378.79588
1 2802.00081 155.432216 2890.46247 323.508488
1 2647.19511 659.661032 2742.2894100000003 748.1216240000001
1 628.0707299999999 1749.9407919999999 875.76279 1816.2871919999998