8 1368.39507 472.15023599999995 1556.37573 709.2936839999999
10 1432.01961 324.65759999999995 1582.40355 387.317664
10 1377.06954 337.19075999999995 1538.0580599999998 410.454776
10 53.98281000000001 209.461512 626.59779 296.220424
10 155.20260000000002 483.23505600000004 351.85920000000004 525.650864
10 511.88193 483.236968 552.36867 527.580072
0 1561.8647099999998 1499.3951799999998 1988.49693 1597.47122
0 1923.1128 1391.511536 1990.1330400000002 1600.7416959999998
0 1885.5175500000003 1285.2626520000001 2009.7472500000001 1422.569108
0 2385.70563 1371.895372 2491.9542899999997 1515.740868
0 2593.30197 1167.5704480000002 2709.3584699999997 1316.320224
0 2343.20499 884.783736 2442.91509 1026.994472
0 1983.59301 619.977472 2081.6684699999996 708.2468640000001
0 2512.38729 456.516768 2610.46275 595.457984
0 2803.34733 809.591468 2937.38487 907.6675079999999
0 2603.92566 518.632868 2863.82754 631.419836
0 2554.88499 160.65293199999996 2755.9427699999997 628.150316
0 2554.8864599999997 157.384368 2793.53802 293.056064
0 2038.35198 159.02008400000003 2265.56106 293.05702
0 748.64748 726.2263560000001 815.66772 933.821756
0 408.6497100000001 721.323032 817.30089 848.8228399999999
0 573.74541 1087.475812 701.24439 1239.493196
0 129.13215 1100.5510239999999 552.49509 1214.972752
0 135.67365 987.7650120000001 217.40270999999998 1221.512748
0 1176.91581 1085.840096 1283.1644700000002 1221.511792
0 975.85803 448.34488 1069.0295700000001 587.2860959999999
0 1095.1867499999998 159.01912800000002 1193.26221 268.538488
0 1163.83869 1597.47122 1279.89519 1738.047196
0 2821.32837 1715.162468 2894.88423 1816.508028
1 0.0 546.419964 194.51628 768.726292
1 0.0 1677.566812 269.70972 1806.70138
1 0.0 1587.66266 150.381 1677.566812
1 1523.45214 1589.2983760000002 2049.79446 1752.7590799999998
1 1849.71717 794.88054 2332.57983 1023.6723719999999
1 2177.29344 525.1709519999999 2443.7338799999998 878.244696
1 2084.12043 611.804628 2177.2919699999998 794.88054
1 1959.8907299999998 711.515428 2090.65899 798.1500599999999
1 2628.44526 633.05364 2876.90466 781.803416
1 2787.0024 909.303224 2940.0 1044.9749199999999
1 2267.03253 155.20659999999998 2379.81975 275.513464
2 1345.7938199999999 675.727568 1564.40634 1108.7764479999998
7 672.96747 1550.0153799999998 1146.6749699999998 1659.043356
7 802.8302100000001 1651.531108 1144.32591 1742.387436
7 915.61596 1742.38648 1144.3244399999999 1805.0465439999998
7 1534.3815900000002 1250.507272 1871.17917 1527.7778640000001
7 1215.6018 219.75189599999996 1402.01544 296.511048
7 1107.51417 294.944164 1521.06927 376.4011
7 991.59144 374.836128 1621.3218 509.555648
7 1096.5465 515.8193600000001 1367.54982 592.578512
7 1203.07005 592.5785119999999 1372.25235 645.8391839999999
0 1215.6018 644.2732560000001 1364.41872 750.7946