0 518.82327 749.22198 778.23417 925.923284
0 642.89127 478.531536 793.27521 914.6434399999999
0 443.63276999999994 478.531536 800.7927899999999 670.27072
0 1082.76231 1200.37272 1349.6937300000002 1343.23736
0 1086.52257 749.22198 1229.38599 1331.9594280000001
0 1094.04162 749.22198 1357.2127799999998 933.441268
0 1804.60434 1222.931452 2075.2960199999998 1331.9594280000001
0 1902.3534599999998 745.462988 2060.25498 1331.9594280000001
0 1782.0457199999998 741.703996 2045.2168800000002 925.9232840000001
0 2372.30217 737.9440480000001 2612.91471 925.9242399999999
0 2330.94519 482.29052800000005 2481.3291299999996 933.442224
0 2353.5038099999997 482.29052800000005 2680.58763 670.27072
0 834.62778 271.755428 1105.3194600000002 380.78340399999996
0 2015.13921 267.99548 2282.0706299999997 384.54335199999997
0 2413.65621 1234.209384 2526.44343 1373.315032
0 2064.01671 1147.74014 2176.80393 1283.0848839999999
0 2812.17321 1444.7473519999999 2932.48095 1591.3709840000001
0 2334.70692 1595.130932 2451.2544 1700.3999159999998
0 699.28341 1651.525372 823.3484699999999 1786.870116
0 368.44079999999997 1335.7184200000002 484.98828 1440.987404
0 969.9750899999999 1140.219288 1082.76231 1279.324936
1 793.27374 418.37906000000004 902.3007 914.644396
1 360.92028 414.620068 906.06096 478.53249200000005
1 349.64097000000004 418.37810399999995 443.62982999999997 636.4340559999999
1 612.81213 1234.209384 849.6673499999999 1647.763512
1 180.46013999999997 1508.659776 688.0041 1794.389056
1 330.84261 1444.746396 616.5723899999999 1523.6986120000001
1 1075.24326 1350.758212 1338.41442 1512.419724
1 500.02491000000003 1346.9973080000002 688.0055699999999 1790.629108
1 1797.08382 1343.238316 2079.05334 1497.381844
1 1180.5129 1644.0054760000003 1970.02638 1801.907996
1 2834.73036 854.49192 2940.0 1286.8448320000002
1 2691.86841 422.138052 2785.85727 655.231884
1 2214.39771 418.37906 2782.0970100000004 478.53249200000005
1 2218.15944 425.897044 2345.98476 918.403388
1 1334.65563 309.350128 1785.8074500000002 407.099216
1 1112.83998 670.2697639999999 1345.93494 749.22198
1 1778.28693 666.5117280000001 2033.94051 741.70304
2 1379.3642100000002 678.029616 1596.80955 1103.77848
3 2858.92215 547.237344 2939.99853 867.6197119999999
4 2576.13825 978.773832 2661.1365899999996 1053.965144
4 2541.8108100000004 1140.599776 2623.53987 1204.3496799999998
4 2326.04421 1134.060736 2401.2347099999997 1197.81064
4 2107.0053900000003 1269.732432 2183.8305299999997 1330.2128160000002
4 2095.56291 1076.8498720000002 2175.65733 1130.791216
6 2740.20495 161.42824799999997 2879.84613 229.101576
6 2749.87167 214.063696 2843.32545 299.996624
6 2631.7130700000002 167.87359999999998 2768.13201 311.812784
6 2511.4067999999997 176.46804 2663.93988 296.774904
6 2431.91802 177.541628 2510.3337 261.32738
6 2339.5402799999997 164.65188000000003 2451.2544 251.65935200000004
6 2319.12933 208.692888 2395.39587 274.21712800000006
6 2212.78659 187.2087 2322.35157 269.919908
6 2029.1042100000002 161.43016 2212.7865899999997 292.47864
6 1915.24389 217.285416 1964.65647 261.326424
6 1777.7489100000003 204.39662400000003 1873.34889 279.58793600000007
6 1692.89022 223.73172399999999 1746.5981399999998 272.06899599999997
6 1517.7999900000002 161.42920399999997 1589.7682499999999 211.91556400000002
6 1482.35388 168.94814399999998 1684.2966000000001 302.145712
6 1447.98087 160.355616 1493.09517 195.804096
6 1350.22881 172.171776 1480.2032700000002 269.92086400000005
6 1156.87971 185.061524 1294.3746899999999 291.405052
6 1065.57507 208.69288799999998 1132.17489 261.326424
6 951.7147500000001 167.87455599999998 1026.90525 226.953444
6 835.7023499999999 210.840064 905.52441 266.697232
6 669.20868 164.65092400000003 847.5196799999999 290.328596
6 601.5342899999999 164.650924 673.50255 214.06274
6 615.49782 229.10253199999997 696.0597 309.66465199999993
6 424.29639000000003 163.57829199999998 560.71533 244.14041199999997
6 543.53103 174.319908 642.35325 289.255964
6 284.65520999999995 195.80313999999998 377.03294999999997 232.324252
6 88.08239999999999 197.95127199999996 226.65048 306.441976
6 0.0 203.321124 69.81912 265.623644
6 9.66672 181.83789199999998 23.63172 196.875772
6 63.37611 179.69071599999998 84.85869 197.952228
7 0.0 1016.154388 71.43024 1196.614684
8 1412.05848 980.017588 1614.4128 1240.9769079999999
8 1530.3743699999998 886.0284479999999 1727.19855 1148.094816
10 1577.09979 823.52708 1671.57081 864.97924
10 1465.2754200000002 917.9989999999999 1553.96346 959.4511599999998
10 55.91291999999998 212.353412 620.81628 293.328524